   1.5078  3.2173
   1.8846  6.1501
   2.7666  2.6801
   0.9104  0.7643
   1.0800  1.2952
   1.2909  3.9406
   0.4130  4.8121
   2.3534  1.4131
   1.9122  5.6457
   0.9679  1.0492
   2.2054  2.8112
   1.4445  4.3000
   0.9771  3.6059
   2.0398  3.5529
   1.5867  2.4009
   2.2429  3.6205
  -0.1804 -0.0397
   1.7564  5.4675
   1.7408  2.5889
   2.1305  4.2000
   1.4323  1.5476
   1.4110  3.4534
   0.6255  2.9439
   2.3840  5.4224
   2.3415  4.3706
   1.8945  3.0320
   2.1046  6.1171
   0.5925  4.4740
   1.4317  1.1285
   2.6460  3.2058
   1.4829  4.0740
   2.8178  1.2174
   0.3789  3.6487
   2.2990  0.3352
   2.3923  6.2526
   1.9142  5.2694
   0.7470  0.5636
   0.9792  5.1749
   2.1438  1.2929
   1.5866  4.8678
   0.7762  5.0885
   2.7686  0.4558
   1.3521  0.8987
   0.2540  0.1856
   0.9054  0.3261
   2.6640  3.6897
   1.1434  2.5004
   1.2415  2.2635
   0.2174  4.3798
   0.5430  1.1493
   1.7698  5.0212
   1.9433  2.5718
   0.2276  1.8089
   1.5359  5.5852
   2.2932  5.9669
   1.8634  1.6620
   2.2225  5.6259
   2.4357  3.7578
   1.0018  3.3286
   0.6821  0.2305
   0.4098  5.9049
   2.0861  5.8385
   1.0173  2.2596
   1.7586  3.7006
   2.7862  1.9899
   2.6210  0.8275
   2.1950  6.3664
   2.8794  3.3652
   1.1335  2.0168
   2.0722  0.3346
   0.7357  2.2203
   0.4891  2.0812
   1.0309  2.7094
   1.1299  5.0043
   1.3089  1.3354
   1.9692  0.0945
   1.4833  2.8710
   0.9088  2.0102
   2.2569  4.6342
   1.2530  5.9581
   1.8948  4.2837
   2.5663  1.9941
   1.6608  4.6455
   1.8008  2.3409
   1.0949  4.3345
   1.1000  1.7736
   0.5062  5.2791
   1.8609  4.5353
   1.7451  1.8758
   2.4813  0.4945
   1.2757  0.6446
   2.0249  2.3223
   1.4580  2.2104
   0.9287  2.9706
   2.0797  4.4547
   1.4919  6.3345
   1.3961  4.7253
   1.2011  1.5565
   1.3070  2.6964
   2.5778  6.4483
   1.1873  3.5172
   1.1950  2.8834
   2.0505  5.4718
   2.3817  2.6201
   0.9204  4.8435
   0.6189  3.8058
   0.3682  2.5039
   1.9761  2.8106
   0.0465  0.0986
   1.2716  6.2200
   1.3222  6.4656
   2.8583  5.3316
   1.7453  3.9463
   0.7279  5.4022
   1.9554  4.0437
   0.8637  3.8861
   2.1149  2.0942
   2.5343  1.1828
   0.8395  5.7124
   1.8362  0.3125
   0.6680  1.8719
   0.9621  1.5001
   1.3400  3.7028
   2.7358  4.7789
   3.0051  0.4833
   2.8192  6.0750
   2.1901  4.9185
   1.9507  1.4425
   1.4911  5.8502
   1.7436  0.7335
   1.9567  0.5512
   0.7983  3.2031
   1.9705  0.7853
   3.2841  5.3886
   2.3092  2.3165
   1.3131  5.1917
   2.1862  1.8166
   1.5477  1.3423
   1.9981  1.1122
   1.0566  6.1175
   2.5579  4.4988
   1.9944  3.2807
   1.6959  1.5030
   2.4020  1.7082
   2.5750  5.1432
   1.6926  4.1639
   1.2556  4.1780
   0.4660  6.5005
   1.6671  6.1879
   1.4753  4.5187
   1.1136  3.7969
   1.6339  3.4133
   0.6224 -0.1537
   2.7913  4.1719
   1.5130  5.3481
   2.3682  3.0584
   0.6003  2.5249
   1.9520  3.7869
   0.3142  0.9779
   1.9902  5.0255
   1.5574  3.6337
   1.6551  1.1356
   2.5687  2.3949
   2.6309  1.5529
   1.6797  5.9655
   2.1468  5.2485
   1.3398  1.7741
   2.1579  2.5319
   1.7643  3.2272
   1.7400  2.8236
   1.5373  3.8605
   2.6489  5.5524
   0.8713  1.7276
   2.3465  5.1133
   2.3290  4.0600
   1.8230  0.9696
   0.8130  1.2560
   1.5275  5.0937
   1.1152  3.1128
   1.3315  5.4756
   2.4452  5.7505
   1.8863  5.9060
   1.0471  5.8532
   1.9757  1.8664
   0.8579  0.0187
   0.8806  2.4646
   1.5338  2.6560
   0.6063  5.7180
   1.6460  3.0280
   0.7765  3.5437
   1.7347  0.1175
   0.5210  0.6709
   1.0832  0.0935
   1.8272  4.8010
   2.4486  3.4025
   1.8174  1.2719
   2.0323  4.7274
   0.8874  4.2592
   1.0461  4.0511
   2.2228  3.3251
   0.7914  2.7320
   1.1716  4.7574
   2.5552  4.1103
   1.5403  1.9456
   2.1497  0.9121
   1.8763  2.0924
   0.9448  5.4534
   1.7349  0.5082
   1.6692  4.3876
   1.3482  4.9489
   0.8331  6.0059
   1.2573  4.4971
   1.3399  2.0113
   2.5401  2.8443
   2.1336  1.5771
   1.2078  1.0895
   1.3223  5.7181
   1.5236  0.5048
   0.4461  4.1631
   0.6451  4.8546
   1.1299  0.8398
   1.6997  5.7220
   3.0179  4.5062
   2.3780  0.7870
   2.1286  3.0623
   2.4471  4.8099
   0.5875  3.3812
   2.5917  6.0310
   0.4421  1.5793
   1.8411  3.4755
   2.3156  1.0871
   0.6989  4.1353
   1.3332  0.4134
   0.6726  1.5039
   1.5680  0.2804
   1.0494  0.5686
   1.2696  3.2824
   2.3497  2.0336
   0.4174  3.0628
   2.1533  3.8817
   1.1504  5.3409
   1.1316  0.3359
   1.5860  1.7090
   1.3763  2.4684
   2.1879  0.6156
   1.6996  5.2346
   1.0162  4.5790
   1.1206  5.6239
   0.2698  5.3811
   1.6669  2.1435
   1.3551  3.0494
   0.7237  0.9347
   1.4553  6.0855
   1.5914  0.9235
   1.5006  0.7204
   0.8018  4.5627
